PARAMETERS:
- Bf: 5.680247783660889
- Cf: 1.1782020330429075
- Df: 0.19252443313598633
- Ef: -0.12342524528503418
- Br: 6.002655506134033
- Cr: 1.109113097190857
- Dr: 0.17878597974777222
- Er: -0.2115284204483032
- Cm1: 0.28695258498191833
- Cm2: 0.054567769169807434
- Cr0: 0.05173772573471069
- Cr2: 0.0003405254101380706
- Iz: 2.785873948596418e-05
- Shf: -0.0015499349683523178
- Svf: 0.000655989395454526
- Shr: -0.003982823342084885
- Svr: 0.0011168550699949265
