PARAMETERS:
- Bf: 6.31592321395874
- Cf: 0.9581209421157836
- Df: 0.19410648941993713
- Ef: -0.8533517122268677
- Br: 6.919049263000488
- Cr: 0.7225570678710938
- Dr: 0.2176522761583328
- Er: -0.6710103750228882
- Cm1: 0.280884325504303
- Cm2: 0.051169201731681824
- Cr0: 0.051406681537628174
- Cr2: 0.0006916328566148877
- Iz: 2.8246902729733847e-05
- Shf: -0.0005667321383953094
- Svf: -0.000750682782381773
- Shr: -0.0031475014984607697
- Svr: -0.00039891735650599
