PARAMETERS:
- Bf: 6.7813825607299805
- Cf: 0.931858479976654
- Df: 0.2020077407360077
- Ef: -0.6129741668701172
- Br: 6.844879150390625
- Cr: 0.8800869584083557
- Dr: 0.19524621963500977
- Er: -0.4571729898452759
- Cm1: 0.28322291374206543
- Cm2: 0.05267639830708504
- Cr0: 0.050544582307338715
- Cr2: 0.0006719250814057887
- Iz: 2.8019112505717203e-05
- Shf: -0.001739155501127243
- Svf: -0.00046936655417084694
- Shr: -0.004112059250473976
- Svr: 4.06862236559391e-05
