PARAMETERS:
- Bf: 5.658545970916748
- Cf: 1.1824086904525757
- Df: 0.19256043434143064
- Ef: -0.12874746322631836
- Br: 5.548232555389404
- Cr: 1.2308919429779053
- Dr: 0.1741410195827484
- Er: -0.10313999652862547
- Cm1: 0.26384997367858887
- Cm2: 0.04966830462217331
- Cr0: 0.045687735080718994
- Cr2: 0.000491234939545393
- Iz: 2.7830794351757504e-05
- Shf: -0.0012032464146614077
- Svf: 0.0001597120426595211
- Shr: -0.003682577982544899
- Svr: 0.000684584490954876
