PARAMETERS:
- Bf: 5.513223648071289
- Cf: 1.2158997058868408
- Df: 0.19167038798332217
- Ef: -0.050644755363464355
- Br: 5.59504508972168
- Cr: 1.2119743824005127
- Dr: 0.17486140131950378
- Er: -0.08891701698303223
- Cm1: 0.28669703006744385
- Cm2: 0.05431949347257614
- Cr0: 0.05157168209552765
- Cr2: 0.0003928919904865325
- Iz: 2.7785779820987955e-05
- Shf: -0.0013370458036661148
- Svf: 0.0005111508071422577
- Shr: -0.0038189738988876343
- Svr: 0.0010238788090646267
