Best Vehicle Parameters
Mass: 2023.8758544921875
Bf: 10.157501220703125
Cf: 0.8007210493087769
Df: 3970.610107421875
Ef: 1.5716300010681152
Br: 10.280040740966797
Cr: 0.8016077876091003
Dr: 3997.05322265625
Er: 3.99507999420166
Cm1: 4997.6787109375
Cm2: 2.5243113040924072
Cr0: 0.7664895057678223
Cr2: 0.5570026636123657
Iz: 12539.66015625
Shf: 0.09332649409770966
Svf: -814.0771484375
Shr: 0.09024521708488464
Svr: -871.542724609375
Qvx: 0.5586683750152588
Qvy: 0.5576385259628296
QyawRate: 0.5310297012329102
Rvx: 0.48233339190483093
Rvy: 0.5035778880119324
RyawRate: 0.005259438417851925
