PARAMETERS:
- Bf: 6.2093939781188965
- Cf: 1.045687913894653
- Df: 0.1970155239105225
- Ef: -0.33634042739868164
- Br: 6.8571906089782715
- Cr: 0.8606417179107666
- Dr: 0.1988854706287384
- Er: -0.4077680110931397
- Cm1: 0.28675198554992676
- Cm2: 0.05436120182275772
- Cr0: 0.05186175554990768
- Cr2: 0.0003648351121228188
- Iz: 2.795100590446964e-05
- Shf: -0.0012398883700370789
- Svf: -0.0003020535223186016
- Shr: -0.003925364464521408
- Svr: 0.0003355990629643202
