PARAMETERS:
- Bf: 5.559560775756836
- Cf: 1.2042224407196045
- Df: 0.1918015778064728
- Ef: -0.07637965679168701
- Br: 5.471762180328369
- Cr: 1.2454142570495603
- Dr: 0.1739742010831833
- Er: -0.05463850498199463
- Cm1: 0.28693562746047974
- Cm2: 0.05442948266863823
- Cr0: 0.051799699664115906
- Cr2: 0.00035608495818451047
- Iz: 2.775188295345288e-05
- Shf: -0.0012966804206371307
- Svf: 0.00044793239794671535
- Shr: -0.003773462027311325
- Svr: 0.0009380741976201534
