PARAMETERS:
- Bf: 7.547647476196289
- Cf: 0.8615436553955078
- Df: 0.2175406813621521
- Ef: -1.1160268783569336
- Br: 7.538859844207764
- Cr: 0.9209430813789368
- Dr: 0.18960443139076233
- Er: -1.0970863103866575
- Cm1: 0.29688140749931335
- Cm2: 0.05837133526802063
- Cr0: 0.053052596747875214
- Cr2: 0.0003135685692541301
- Iz: 3.193379961885512e-05
- Shf: -0.0032302774488925934
- Svf: -0.00038554053753614426
- Shr: -0.0068710241466760635
- Svr: 0.001572334207594395
