PARAMETERS:
- Bf: 6.1087517738342285
- Cf: 1.0828697681427002
- Df: 0.19502028822898865
- Ef: -0.3140648603439331
- Br: 6.435641288757324
- Cr: 0.9962589144706726
- Dr: 0.1860836446285248
- Er: -0.31729114055633545
- Cm1: 0.2686590254306793
- Cm2: 0.050909820944070816
- Cr0: 0.04724826663732529
- Cr2: 0.0003695002233143896
- Iz: 2.790272264974192e-05
- Shf: -0.0013853181153535845
- Svf: -0.00019795564003288743
- Shr: -0.0038570519536733623
- Svr: 0.0003853505477309227
