PARAMETERS:
- Bf: 5.820017337799072
- Cf: 1.1424622535705566
- Df: 0.19232478737831116
- Ef: -0.1982133388519287
- Br: 6.088400363922119
- Cr: 1.0516729354858398
- Dr: 0.18470421433448792
- Er: -0.19305682182312012
- Cm1: 0.286922812461853
- Cm2: 0.05441612750291824
- Cr0: 0.051854848861694336
- Cr2: 0.000348768662661314
- Iz: 2.78008337772917e-05
- Shf: -0.0018391124904155731
- Svf: 0.0014108521863818169
- Shr: -0.004186086356639862
- Svr: 0.001660697627812624
