PARAMETERS:
- Bf: 5.7925872802734375
- Cf: 1.148650288581848
- Df: 0.19235137104988095
- Ef: -0.1902815103530884
- Br: 6.457450866699219
- Cr: 0.9894384145736694
- Dr: 0.1848270297050476
- Er: -0.3350409269332886
- Cm1: 0.2760584354400635
- Cm2: 0.05198075622320175
- Cr0: 0.04899744689464569
- Cr2: 0.00047656058450229466
- Iz: 2.7717054763343185e-05
- Shf: -0.0012440495193004608
- Svf: 0.00021988386288285255
- Shr: -0.003653028979897499
- Svr: 0.0006809046026319265
