PARAMETERS:
- Bf: 5.573012351989746
- Cf: 1.201587438583374
- Df: 0.19193562865257263
- Ef: -0.08061039447784424
- Br: 5.425238132476807
- Cr: 1.258650541305542
- Dr: 0.1738128960132599
- Er: -0.03489840030670166
- Cm1: 0.2870456576347351
- Cm2: 0.05450543016195297
- Cr0: 0.05179152637720108
- Cr2: 0.0003523357736412436
- Iz: 2.779407805064693e-05
- Shf: -0.0013078562915325165
- Svf: 0.0004294048994779587
- Shr: -0.0037709102034568782
- Svr: 0.0009125629439949988
