PARAMETERS:
- Bf: 5.55900239944458
- Cf: 1.2046915292739868
- Df: 0.1919962167739868
- Ef: -0.08442533016204834
- Br: 5.582304954528809
- Cr: 1.2211260795593262
- Dr: 0.17417410016059875
- Er: -0.11184096336364746
- Cm1: 0.2693514823913574
- Cm2: 0.050663456320762634
- Cr0: 0.04705335199832916
- Cr2: 0.0005117187392897904
- Iz: 2.774415406747721e-05
- Shf: -0.0013239625841379166
- Svf: 0.00025812466628849506
- Shr: -0.0037805400788784023
- Svr: 0.0007722927257418633
