PARAMETERS:
- Bf: 6.5626959800720215
- Cf: 0.9461899995803832
- Df: 0.1990050971508026
- Ef: -0.4801112413406372
- Br: 6.578181266784668
- Cr: 0.919289231300354
- Dr: 0.18972061574459076
- Er: -0.3666114807128906
- Cm1: 0.2851071357727051
- Cm2: 0.05287446081638336
- Cr0: 0.0524846687912941
- Cr2: 0.00047562396503053606
- Iz: 2.7422589482739568e-05
- Shf: -0.0018547046929597857
- Svf: 0.0006121760234236717
- Shr: -0.004157720133662224
- Svr: 0.0009967591613531113
