PARAMETERS:
- Bf: 1.7944719791412354
- Cf: 0.16994181275367737
- Df: 1300.2503662109375
- Ef: 4.597231864929199
- Br: 1.0001541376113892
- Cr: 0.18276703357696533
- Dr: 442.0433044433594
- Er: 9.15906047821045
- Cm1: 6771.89794921875
- Cm2: 1.515607800683938e-05
- Cr0: 0.10000000149011612
- Cr2: 0.1315065324306488
- Iz: 7742.92578125
- Shf: 0.13696028292179108
- Svf: -965.5357666015624
- Shr: 0.10454922914505003
- Svr: -611.341064453125
