PARAMETERS:
- Bf: 11.262089729309082
- Cf: 0.5482691526412964
- Df: 2408.73779296875
- Ef: 3.590698719024658
- Br: 9.541443824768066
- Cr: 0.5385152101516724
- Dr: 2891.36474609375
- Er: 4.186695098876953
- Cm1: 3579.232666015625
- Cm2: 2.0093541145324707
- Cr0: 9.668774604797363
- Cr2: 2.451606035232544
- Iz: 7128.5634765625
- Shf: 0.057391975075006485
- Svf: -1146.1614990234375
- Shr: 0.067095085978508
- Svr: -936.150390625
