PARAMETERS:
- Bf: 1.043505072593689
- Cf: 0.10229197889566422
- Df: 1092.93310546875
- Ef: 8.246515274047852
- Br: 1.0185977220535278
- Cr: 0.10046767443418504
- Dr: 145.05136108398438
- Er: 8.753832817077637
- Cm1: 6310.34716796875
- Cm2: 0.0044418275356292725
- Cr0: 0.10872673988342284
- Cr2: 0.32929176092147827
- Iz: 11936.76953125
- Shf: 0.08372469246387482
- Svf: -1377.4718017578125
- Shr: 0.19929157197475433
- Svr: -1008.0474853515624
