PARAMETERS:
- Bf: 1.0127705335617063
- Cf: 0.3513171076774597
- Df: 536.6659545898438
- Ef: 9.907151222229004
- Br: 1.3569135665893557
- Cr: 0.136628657579422
- Dr: 675.5074462890625
- Er: 9.87259006500244
- Cm1: 1140.9437255859375
- Cm2: 0.0046653444878757
- Cr0: 7.640789031982422
- Cr2: 1.280268669128418
- Iz: 4692.453125
- Shf: 0.18715472519397736
- Svf: -28.11669921875
- Shr: 0.16426576673984528
- Svr: -2.480224609375
