# GROUND TRUTH
PARAMETERS:
  - Bf: 5.579
  - Cf: 1.2
  - Df: 0.192
  - Ef: -0.083
  - Br: 5.3852
  - Cr: 1.2691
  - Dr: 0.1737
  - Er: -0.019
  - Cm1: 0.287
  - Cm2: 0.0545
  - Cr0: 0.0518
  - Cr2: 0.00035
  - Iz: 27.8e-6
  - Shf: -0.0013
  - Svf: 0.00043
  - Shr: -0.00376
  - Svr: 0.00091